# FILE : Model.dat
# Contains parameterisations for imaginary frequency
# polarizability model
#    alpha(i\omega)=a_1/(\omega^2+O_1^2) + a_1/(\omega^2+O_1^2)
#
# If you use this data please cite
#   Gould T. and Bucko T., J. Chem. Theory Comput., 2016, 12 (8), pp 3603–3613
#
# =============================================================
# Z N C6 a1 O1 a2 O2
01 00        0   0.0000   1.0000   0.0000   1.0000
01 01     6.50   0.6825   0.4039   0.3175   1.0104
01 02      647   0.6250   0.0897   1.3750   0.3343
02 01    0.102   0.6812   1.6148   0.3188   4.0225
02 02     1.38   1.0856   0.9573   0.9144   2.6092
03 01    0.009   0.8075   3.8554   0.1925  16.1585
03 02    0.077   1.1925   2.6337   0.8075   6.8851
03 03     1343   0.7860   0.0704   2.2140   2.1834
03 04    33610   1.2421   0.0333   2.7579   0.3622
04 01    0.002   0.9989   7.6868   0.0011  39.6798
04 02    0.011   1.9663   6.3409   0.0337  13.8247
04 03     62.2   0.5688   0.1595   2.4312   3.3255
04 04      278   1.4767   0.1818   2.5233   3.3113
05 02    0.003   1.9986  10.3687   0.0014  43.2030
05 03     9.60   0.4234   0.2462   2.5766   4.7967
05 04     30.8   1.1775   0.3284   2.8225   4.4838
05 05      138   1.9004   0.2746   3.0996   2.8797
05 06     2610   0.7320   0.0611   5.2680   0.4980
06 03     2.47   0.3295   0.3294   2.6705   6.6434
06 04     6.88   0.9269   0.4668   3.0731   5.7914
06 05     18.5   1.5022   0.4690   3.4978   3.9460
06 06     58.1   2.2621   0.4183   3.7379   3.1699
06 07      417   1.4706   0.1747   5.5294   1.1209
07 04     2.18   0.7442   0.5971   3.2558   7.4072
07 05     4.63   1.1045   0.6236   3.8955   4.9111
07 06     9.90   1.8414   0.6774   4.1586   4.3303
07 07     27.1   2.5922   0.6009   4.4078   3.7126
07 08      187   1.4175   0.2276   6.5825   1.4775
08 05     1.58   0.8357   0.7578   4.1643   6.1923
08 06     2.78   1.3355   0.8742   4.6645   5.2580
08 07     5.59   2.2652   0.9566   4.7348   5.1470
08 08     15.5   2.7732   0.7719   5.2268   4.1761
08 09     87.0   1.5376   0.3132   7.4624   1.9905
09 06     1.01   0.9706   1.0303   5.0294   6.4466
09 07     1.72   1.7248   1.2428   5.2752   6.2067
09 08     3.55   2.8302   1.2942   5.1698   6.3517
09 09     9.46   2.9450   0.9661   6.0550   4.8055
09 10     43.4   1.7195   0.4289   8.2805   2.6263
10 07    0.666   1.2529   1.4602   5.7471   7.3863
10 08     1.16   2.4999   1.7850   5.5001   8.0116
10 09     2.38   3.4082   1.6729   5.5918   7.7484
10 10     5.99   3.1603   1.1957   6.8397   5.6346
11 08    0.468   2.0271   2.2101   5.9729   9.4054
11 09    0.828   3.4605   2.4236   5.5395  10.4385
11 10     1.65   4.0189   2.1052   5.9811   9.3290
11 11     1713   0.9798   0.0754  10.0202   3.4581
11 12    46869   1.3862   0.0316  10.6138   1.0949
12 09    0.347   5.6814  12.8928   3.3186   3.2055
12 10    0.608   5.4365  13.6816   4.5635   3.1556
12 11      153   0.9379   0.1657  10.0621   4.8935
12 12      744   1.8727   0.1536  10.1273   4.6024
13 10    0.265   5.0987  18.4124   4.9013   4.3373
13 11     37.4   0.8739   0.2548  10.1261   6.4055
13 12      135   1.8117   0.2667  10.1883   6.3106
13 13      783   2.4419   0.1804  10.5581   4.5169
13 14    13016   1.2449   0.0471  12.7551   0.7666
14 11     13.4   0.8081   0.3423  10.1919   8.0337
14 12     43.2   1.6977   0.3753  10.3023   7.8936
14 13      140   2.5386   0.3289  10.4614   7.3275
14 14      456   3.2254   0.2599  10.7746   5.7852
14 15     2397   2.7835   0.1379  12.2165   2.0335
15 12     18.0   1.5780   0.4808  10.4220   9.5380
15 13     45.4   2.3731   0.4603  10.6269   8.9163
15 14      105   3.2288   0.4249  10.7712   8.3986
15 15      266   3.9364   0.3556  11.0636   6.9701
15 16     1127   3.1394   0.1933  12.8606   2.4709
16 13     19.0   2.1793   0.5840  10.8207  10.3810
16 14     37.5   3.0191   0.5762  10.9809   9.9711
16 15     74.9   3.8887   0.5394  11.1113   9.5039
16 16      168   4.4693   0.4521  11.5307   7.5517
16 17      573   3.7132   0.2710  13.2868   3.2075
17 14     16.5   2.7766   0.7194  11.2234  11.3672
17 15     29.2   3.6551   0.7117  11.3449  11.1214
17 16     52.7   4.5137   0.6706  11.4863  10.5686
17 17      111   5.0208   0.5618  11.9792   8.3563
17 18      316   4.3597   0.3672  13.6403   4.1207
18 15     13.6   3.3808   0.8760  11.6192  12.4632
18 16     21.9   4.3116   0.8753  11.6884  12.4023
18 17     38.5   5.1219   0.8111  11.8781  11.5683
18 18     75.9   5.5830   0.6859  12.4170   9.2161
19 16     10.7   4.0408   1.0712  11.9592  13.9143
19 17     17.0   4.9540   1.0464  12.0460  13.7075
19 18     28.7   5.7291   0.9647  12.2709  12.6811
19 19     5187   1.0429   0.0549  17.9571   2.0812
19 20   116578   1.4359   0.0239  18.5641   1.0317
20 17     8.58   4.6979   1.2729  12.3021  15.4834
20 18     13.3   5.5966   1.2299  12.4034  15.1737
20 19      623   1.0879   0.1170  17.9121   2.8627
20 20     2641   2.0345   0.1075  17.9655   2.7483
21 18     7.01   5.3554   1.4861  12.6446  17.0940
21 19      187   1.1062   0.1795  17.8938   3.6828
21 20      601   2.0831   0.1807  17.9169   3.6523
21 21     1777   2.1582   0.1282  18.8418   2.8996
21 22  2659593   2.0261   0.0105  19.9739 180.8267
22 19     78.3   1.1103   0.2428  17.8897   4.5649
22 20      225   2.0655   0.2509  17.9345   4.5461
22 21      321   1.3256   0.1690  19.6744   3.3214
22 22     1350   2.1944   0.1425  19.8056   3.0814
22 23     6692   1.6410   0.0695  21.3590   1.5701
23 20      106   2.0251   0.3200  17.9749   5.4804
23 21      182   2.0861   0.2721  18.9139   4.7993
23 22      247   1.3656   0.1892  20.6344   3.5749
23 23     1084   2.1868   0.1533  20.8132   3.2727
23 24     1185   2.2965   0.1545  21.7035   3.0334
24 21     51.1   1.1549   0.2912  19.8451   5.1555
24 22     91.1   1.2406   0.2509  20.7594   4.4969
24 23      195   1.3825   0.2072  21.6175   3.8438
24 24      585   1.5333   0.1516  22.4667   3.1217
24 25  1200012   0.0001   3.0408  24.9999   0.0731
25 22     73.8   2.0292   0.3640  19.9708   6.1054
25 23      126   2.1011   0.3112  20.8989   5.3996
25 24      158   1.3865   0.2237  22.6135   4.1290
25 25      760   2.1365   0.1703  22.8635   3.7157
25 26     6553   1.6449   0.0692  24.3551   2.1002
26 23     62.6   2.0271   0.3853  20.9729   6.4442
26 24      106   2.1004   0.3297  21.8996   5.7192
26 25      132   1.4022   0.2396  23.5978   4.4041
26 26      638   2.1353   0.1808  23.8647   3.9374
26 27    12749   1.1775   0.0444  25.8225   1.6298
27 24     53.6   2.0296   0.4068  21.9704   6.8670
27 25     90.8   2.1036   0.3482  22.8964   6.1187
27 26      113   1.4124   0.2544  24.5876   4.7182
27 27      543   2.1348   0.1908  24.8652   4.2373
27 28    12264   1.1587   0.0444  26.8413   1.7607
28 25     46.3   2.0291   0.4279  22.9709   7.2809
28 26     78.1   2.1117   0.3677  23.8883   6.4847
28 27     97.2   1.4139   0.2678  25.5861   5.0278
28 28      468   2.1268   0.2001  25.8732   4.5140
28 29    11478   1.1658   0.0455  27.8342   1.9088
29 26     22.0   1.2071   0.4051  24.7929   7.0276
29 27     38.9   1.3095   0.3507  25.6905   6.2195
29 28     84.0   1.4125   0.2813  26.5875   5.3507
29 29      292   1.3938   0.1799  27.6062   4.2413
29 30    10438   1.1767   0.0472  28.8233   2.0699
30 27     35.1   2.0388   0.4724  24.9612   8.1110
30 28     59.1   2.1232   0.4060  25.8768   7.2554
30 29      119   2.1806   0.3250  26.8194   6.3055
30 30      359   2.1031   0.2171  27.8969   5.0874
30 31    23008   0.7625   0.0280  30.2375   0.9920
31 28      105   2.1617   0.3380  25.8383   6.3043
31 29      105   2.1712   0.3387  26.8288   6.4942
31 30      105   2.1803   0.3394  27.8197   6.6828
31 31      664   2.3789   0.1902  28.6211   4.9663
31 32    16456   1.1455   0.0403  30.8545   1.4650
32 29     45.9   2.1218   0.4429  26.8782   7.8775
32 30     45.9   2.1322   0.4439  27.8678   8.1057
32 31      148   2.9125   0.3613  28.0875   7.5690
32 32      501   3.3873   0.2631  28.6127   6.3250
32 33     2815   2.8164   0.1313  30.1836   3.3280
33 30     24.2   2.0543   0.5393  27.9457   9.5091
33 31     59.7   2.9466   0.4959  28.0534   9.2283
33 32      140   3.7618   0.4334  28.2382   8.7529
33 33      359   4.3165   0.3452  28.6835   7.6322
33 34     1509   3.4395   0.1851  30.5605   4.0445
34 31     30.3   2.8693   0.6149  28.1307  10.6943
34 32     60.1   3.7830   0.5808  28.2170  10.4670
34 33      121   4.6076   0.5207  28.3924   9.9944
34 34      269   5.0009   0.4194  28.9991   8.4958
34 35      872   4.2423   0.2556  30.7577   5.0211
35 32     31.2   3.6970   0.7158  28.3030  11.9810
35 33     55.3   4.6205   0.6799  28.3795  11.7732
35 34     99.6   5.3694   0.6141  28.6306  11.1275
35 35      204   5.7315   0.5038  29.2685   9.4889
35 36      543   5.1091   0.3385  30.8909   6.1323
36 33     29.7   4.5323   0.8292  28.4677  13.3541
36 34     47.9   5.4326   0.7929  28.5674  13.1161
36 35     82.6   6.1400   0.7142  28.8600  12.3161
36 36      157   6.4911   0.5978  29.5089  10.5849
37 34     26.5   5.3733   0.9621  28.6267  14.8483
37 35     41.7   6.2393   0.9095  28.7607  14.4904
37 36     68.7   6.9204   0.8221  29.0796  13.5739
37 37     7129   1.1214   0.0519  35.8786   2.6308
37 38   140756   1.5734   0.0238  36.4266   1.5977
38 35     23.8   6.2048   1.0958  28.7952  16.3714
38 36     36.2   7.0465   1.0322  28.9535  15.9188
38 37     1008   1.2836   0.1115  35.7164   3.5510
38 38     4144   2.2204   0.0981  35.7796   3.4087
39 36     21.3   7.0336   1.2339  28.9664  17.9636
39 37      341   1.4135   0.1731  35.5865   4.4819
39 38     1066   2.4068   0.1644  35.5932   4.4277
39 39     2727   2.5170   0.1234  36.4830   3.5053
39 40     4902   5.6810   0.1709  34.3190   8.0987
40 37      158   1.5169   0.2366  35.4831   5.4413
40 38      441   2.5089   0.2284  35.4911   5.3988
40 39      588   1.9831   0.1806  37.0169   4.0335
40 40     1396   1.9616   0.1333  38.0384   3.3063
40 41     8635   2.0578   0.0740  38.9422   2.1447
41 38      225   2.5693   0.2916  35.4307   6.3747
41 39      363   2.7012   0.2574  36.2988   5.5136
41 40      460   2.1691   0.2096  37.8309   4.2312
41 41     1028   2.0105   0.1512  38.9895   3.4680
41 42     8282   2.1182   0.0762  39.8818   2.3484
42 39      116   1.9502   0.3142  37.0498   5.8426
42 40      194   2.1175   0.2789  37.8825   5.1165
42 41      369   2.2584   0.2335  38.7416   4.3928
42 42      893   2.2510   0.1717  39.7490   3.5745
42 43     5049   1.5416   0.0739  41.4584   2.2120
43 40      164   2.8072   0.3477  37.1928   6.5704
43 41      259   2.8707   0.3032  38.1293   5.7247
43 42      302   2.2767   0.2529  39.7233   4.5356
43 43     1155   2.6221   0.1719  40.3779   3.8621
43 44    16068   1.2836   0.0437  42.7164   1.8700
44 41      142   2.8568   0.3710  38.1432   6.6826
44 42      223   2.8859   0.3214  39.1141   5.8414
44 43      402   2.8259   0.2597  40.1741   4.9729
44 44      995   2.5712   0.1789  41.4288   3.9738
44 45    15542   1.2750   0.0439  43.7250   1.9838
45 42      124   2.8751   0.3918  39.1249   6.8095
45 43      194   2.8732   0.3374  40.1268   5.9722
45 44      349   2.8006   0.2718  41.1994   5.1097
45 45      871   2.5098   0.1845  42.4902   4.0993
45 46    15175   1.2681   0.0440  44.7319   2.1045
46 43      109   2.8709   0.4106  40.1291   6.9532
46 44      170   2.8601   0.3531  41.1399   6.1259
46 45      306   2.7614   0.2824  42.2386   5.2591
46 46      772   2.4453   0.1891  43.5547   4.2399
46 47    14932   1.2616   0.0440  45.7384   2.2282
47 44     58.3   2.1964   0.4442  41.8036   6.7573
47 45     92.8   2.1549   0.3742  42.8451   5.9378
47 46      174   1.9861   0.2848  44.0139   5.0420
47 47      513   1.5368   0.1632  45.4632   3.9265
47 48    14730   1.2563   0.0440  46.7437   2.3551
48 45     86.1   2.8436   0.4459  42.1564   7.2976
48 46      134   2.7994   0.3803  43.2006   6.4728
48 47      240   2.6628   0.3003  44.3372   5.5988
48 48      626   2.3227   0.1963  45.6773   4.5658
48 49    31375   0.9612   0.0292  48.0388   1.2984
49 46     77.0   2.8163   0.4617  43.1837   7.4896
49 47      119   2.7589   0.3923  44.2411   6.6655
49 48      216   2.6100   0.3080  45.3900   5.7876
49 49     1094   2.6699   0.1758  46.3301   4.6417
49 50    16380   1.5421   0.0490  48.4579   2.0873
50 47     69.2   2.7841   0.4766  44.2159   7.6979
50 48      107   2.7163   0.4035  45.2837   6.8733
50 49      302   3.3356   0.3172  45.6644   6.3543
50 50      910   3.7426   0.2329  46.2574   5.5688
50 51     4168   3.3030   0.1282  47.6970   3.7581
51 48     62.5   2.7486   0.4906  45.2514   7.9205
51 49      139   3.5416   0.4317  45.4584   7.5919
51 50      302   4.2698   0.3705  45.7302   7.1902
51 51      709   4.7705   0.2969  46.2295   6.4932
51 52     2495   4.0067   0.1735  47.9933   4.3547
52 49     77.7   3.6097   0.5345  45.3903   8.7200
52 50      145   4.4688   0.4918  45.5312   8.4745
52 51      274   5.2253   0.4359  45.7747   8.0930
52 52      562   5.5653   0.3554  46.4347   7.2022
52 53     1584   4.8956   0.2309  48.1044   5.1364
53 50     82.2   4.5436   0.6043  45.4564   9.6610
53 51      139   5.4206   0.5634  45.5794   9.4331
53 52      236   6.1056   0.5071  45.8944   8.9748
53 53      449   6.4123   0.4207  46.5877   7.9902
53 54     1068   5.8609   0.2969  48.1391   6.0056
54 51     81.2   5.5036   0.6844  45.4964  10.6865
54 52      125   6.3624   0.6473  45.6376  10.4621
54 53      204   6.9992   0.5819  46.0008   9.8967
54 54      363   7.2968   0.4921  46.7032   8.8479
55 52     74.8   6.4954   0.7815  45.5046  11.8870
55 53      112   7.3059   0.7327  45.6941  11.5717
55 54      176   7.9165   0.6617  46.0835  10.9337
55 55    12895   1.1667   0.0438  53.8333   2.6072
55 56   228846   1.6049   0.0205  54.3951   1.7358
56 53     69.0   7.4671   0.8771  45.5329  13.0755
56 54      101   8.2468   0.8209  45.7532  12.6834
56 55     2020   1.4022   0.0941  53.5978   3.4359
56 56     7651   2.3372   0.0829  53.6628   3.3213
57 54     63.6   8.4338   0.9744  45.5662  14.3047
57 55      740   1.6129   0.1467  53.3871   4.2534
57 56     2156   2.6011   0.1373  53.3989   4.1971
57 57     6829   2.3275   0.0859  54.6725   3.4479
57 58    35406   1.5892   0.0384  56.4108   2.0298
58 55      366   1.7948   0.2012  53.2052   5.0738
58 56      954   2.7751   0.1896  53.2249   5.0127
58 57     2012   2.5862   0.1400  54.4138   4.3223
58 58     6474   2.3107   0.0870  55.6893   3.5620
58 59     86.5   0.0000  10.0986  59.0000   3.1131
59 56      515   2.9000   0.2411  53.1000   5.8106
59 57      894   2.7583   0.1930  54.2417   5.1524
59 58     1884   2.5720   0.1426  55.4280   4.4530
59 59     6123   2.3025   0.0884  56.6975   3.6841
59 60      102   0.0000   8.4118  60.0000   2.9793
60 57      484   2.8832   0.2453  54.1168   5.9704
60 58      840   2.7429   0.1964  55.2571   5.2995
60 59     1773   2.5588   0.1450  56.4412   4.5887
60 60     5811   2.2937   0.0897  57.7063   3.8061
60 61      126   0.0000   7.0905  61.0000   2.8101
61 58      457   2.8679   0.2493  55.1321   6.1372
61 59      792   2.7290   0.1996  56.2710   5.4527
61 60     1675   2.5469   0.1473  57.4531   4.7293
61 61     5537   2.2851   0.0909  58.7149   3.9302
61 62      162   0.0000   6.0999  62.0000   2.6099
62 59      431   2.8542   0.2534  56.1458   6.3100
62 60      748   2.7165   0.2028  57.2835   5.6115
62 61     1584   2.5361   0.1496  58.4639   4.8740
62 62     5281   2.2770   0.0921  59.7230   4.0567
62 63      201   0.0000   5.4851  63.0000   2.4558
63 60      407   2.8418   0.2574  57.1582   6.4883
63 61      709   2.7052   0.2059  58.2948   5.7752
63 62     1504   2.5266   0.1518  59.4734   5.0229
63 63     5042   2.2697   0.0933  60.7303   4.1861
63 64      237   0.0000   5.1734  64.0000   2.3502
64 61      386   2.8307   0.2613  58.1693   6.6718
64 62      672   2.6951   0.2090  59.3049   5.9436
64 63     1429   2.5179   0.1540  60.4821   5.1753
64 64     4786   2.2654   0.0948  61.7346   4.3150
64 65      284   0.0000   4.9141  65.0000   2.2334
65 62      366   2.8206   0.2653  59.1794   6.8599
65 63      638   2.6860   0.2121  60.3140   6.1160
65 64     1357   2.5118   0.1564  61.4882   5.3278
65 65     4560   2.2611   0.0962  62.7389   4.4465
65 66      332   0.0000   4.7396  66.0000   2.1431
66 63      348   2.8116   0.2692  60.1884   7.0523
66 64      606   2.6788   0.2154  61.3212   6.2886
66 65     1290   2.5061   0.1588  62.4939   5.4836
66 66     4360   2.2570   0.0975  63.7430   4.5804
66 67      377   0.0000   4.6477  67.0000   2.0741
67 64      331   2.8040   0.2733  61.1960   7.2450
67 65      576   2.6722   0.2187  62.3278   6.4647
67 66     1229   2.5008   0.1611  63.4992   5.6422
67 67     4173   2.2531   0.0988  64.7469   4.7169
67 68      420   0.0000   4.5966  68.0000   2.0217
68 65      315   2.7969   0.2774  62.2031   7.4412
68 66      548   2.6662   0.2219  63.3338   6.6442
68 67     1172   2.4958   0.1634  64.5042   5.8036
68 68     3996   2.2493   0.1001  65.7507   4.8554
68 69      458   0.0000   4.5789  69.0000   1.9825
69 66      300   2.7905   0.2814  63.2095   7.6409
69 67      523   2.6606   0.2251  64.3394   6.8269
69 68     1119   2.4913   0.1657  65.5087   5.9678
69 69     3829   2.2457   0.1014  66.7543   4.9960
69 70      492   0.0000   4.5810  70.0000   1.9543
70 67      286   2.7847   0.2855  64.2153   7.8442
70 68      499   2.6555   0.2282  65.3445   7.0126
70 69     1069   2.4871   0.1680  66.5129   6.1347
70 70     3672   2.2424   0.1027  67.7576   5.1390
71 68      273   2.7794   0.2895  65.2206   8.0507
71 69      477   2.6508   0.2314  66.3492   7.2014
71 70     1024   2.4832   0.1702  67.5168   6.3040
71 71     2564   2.5665   0.1274  68.4335   5.1864
71 72      412   0.0000   6.3911  72.0000   2.1132
72 69      261   2.7746   0.2935  66.2254   8.2606
72 70      456   2.6467   0.2345  67.3533   7.3931
72 71      839   2.8526   0.2002  68.1474   6.5376
72 72     1964   2.9254   0.1524  69.0746   5.4848
72 73     7908   2.1014   0.0769  70.8986   3.3024
73 70      250   2.7701   0.2974  67.2299   8.4736
73 71      394   2.9651   0.2665  68.0349   7.6234
73 72      707   3.1148   0.2256  68.8852   6.7156
73 73     1616   3.0825   0.1690  69.9175   5.5935
73 74     6627   2.4599   0.0903  71.5401   3.8072
74 71      221   3.0474   0.3310  67.9526   8.6931
74 72      345   3.2065   0.2946  68.7935   7.8095
74 73      607   3.2849   0.2468  69.7151   6.8424
74 74     1379   3.1142   0.1801  70.8858   5.6202
74 75     9751   1.7848   0.0642  73.2152   3.1687
75 72      198   3.2683   0.3614  68.7317   8.8799
75 73      304   3.3821   0.3194  69.6179   7.9597
75 74      529   3.3812   0.2645  70.6188   6.9343
75 75     1209   3.0710   0.1872  71.9290   5.6204
75 76    12257   1.4459   0.0517  74.5541   2.8877
76 73      177   3.4393   0.3889  69.5607   9.0396
76 74      270   3.5017   0.3412  70.4983   8.0831
76 75      466   3.4201   0.2791  71.5799   7.0058
76 76     1066   3.0448   0.1948  72.9552   5.6663
76 77    12483   1.3903   0.0500  75.6097   2.9407
77 74      160   3.5658   0.4139  70.4342   9.1775
77 75      242   3.5744   0.3604  71.4256   8.1879
77 76      415   3.4493   0.2929  72.5507   7.0944
77 77      951   2.9899   0.2006  74.0101   5.7144
77 78    12433   1.3611   0.0493  76.6389   3.0320
78 75      145   3.6534   0.4365  71.3466   9.2995
78 76      218   3.6308   0.3787  72.3692   8.3018
78 77      372   3.4451   0.3048  73.5549   7.1760
78 78      856   2.9170   0.2050  75.0830   5.7703
78 79    12422   1.3385   0.0487  77.6615   3.1347
79 76      132   3.7229   0.4581  72.2771   9.4278
79 77      197   3.6563   0.3950  73.3437   8.4066
79 78      335   3.4151   0.3149  74.5849   7.2566
79 79      779   2.8348   0.2081  76.1652   5.8380
79 80    12487   1.3201   0.0481  78.6799   3.2439
80 77      120   3.7651   0.4779  73.2349   9.5471
80 78      179   3.6558   0.4094  74.3442   8.5070
80 79      304   3.3660   0.3234  75.6340   7.3405
80 80      714   2.7495   0.2104  77.2505   5.9191
81 78      110   3.7832   0.4958  74.2168   9.6615
81 79      163   3.6343   0.4222  75.3657   8.6075
81 80      277   3.3037   0.3305  76.6963   7.4308
81 81     1293   2.9273   0.1770  78.0727   5.8170
81 82    17334   1.6803   0.0507  80.3197   2.9560
82 79      101   3.7811   0.5121  75.2189   9.7746
82 80      150   3.5964   0.4335  76.4036   8.7106
82 81      395   3.8769   0.3207  77.1231   7.8140
82 82     1142   4.0789   0.2289  77.9211   6.8102
82 83     4942   3.5427   0.1267  79.4573   4.8805
83 80     92.9   3.7621   0.5269  76.2379   9.8889
83 81      196   4.3077   0.4384  76.6923   9.2617
83 82      412   4.8535   0.3644  77.1465   8.6490
83 83      936   5.2033   0.2870  77.7967   7.7998
83 84     3115   4.3403   0.1696  79.6597   5.5753
84 81      116   4.5521   0.5445  76.4479  10.5439
84 82      210   5.2684   0.4847  76.7316  10.1152
84 83      388   5.8858   0.4207  77.1142   9.5729
84 84      772   6.0810   0.3393  77.9190   8.5635
84 85     2073   5.3281   0.2229  79.6719   6.4514
85 82      126   5.5268   0.5968  76.4732  11.4460
85 83      208   6.2897   0.5439  76.7103  11.0673
85 84      346   6.8420   0.4819  77.1580  10.4720
85 85      640   7.0210   0.3972  77.9790   9.4000
85 86     1459   6.3975   0.2831  79.6025   7.4040
86 83      128   6.5582   0.6611  76.4418  12.4486
86 84      193   7.3085   0.6143  76.6915  12.0884
86 85      309   7.8211   0.5461  77.1789  11.4049
86 86      535   8.0052   0.4600  77.9948  10.2974
