# FILE : ModelRXH_Scaled.dat
# Contains parameterisations for imaginary frequency
# polarizability model
#    alpha(i\omega)=a_1/(\omega^2+O_1^2) + a_1/(\omega^2+O_1^2)
#
# If you use this data please cite
#   Gould T. and Bucko T., J. Chem. Theory Comput., 2016, 12 (8), pp 3603–3613
#
# =============================================================
# Z N C6 a1 O1 a2 O2
01 00        0   0.0000   1.0000   0.0000   1.0000
01 01     6.51   0.6825   0.4037   0.3175   1.0098
01 02     2404   0.6250   0.0579   1.3750   0.2158
02 01    0.109   0.6812   1.5787   0.3188   3.9325
02 02     1.47   1.0856   0.9359   0.9144   2.5508
03 01    0.012   0.8075   3.5342   0.1925  14.8121
03 02    0.079   1.1925   2.6059   0.8075   6.8125
03 03     1408   0.7871   0.0694   2.2129   2.0205
03 04    32418   1.1644   0.0325   2.8356   0.3252
04 01    0.002   0.9989   7.8967   0.0011  40.7632
04 02    0.001   1.9663  12.8238   0.0337  27.9589
04 03     70.2   0.5674   0.1530   2.4326   3.1015
04 04      214   1.4751   0.1984   2.5249   3.4285
05 02    0.003   1.9986  10.2760   0.0014  42.8166
05 03     9.34   0.4215   0.2480   2.5785   4.7538
05 04     25.3   1.1789   0.3515   2.8211   4.6408
05 05     99.5   1.8878   0.3061   3.1122   2.9525
05 06     2099   0.6483   0.0606   5.3517   0.5338
06 03     2.69   0.3278   0.3194   2.6722   6.3810
06 04     5.73   0.9272   0.4969   3.0728   5.9945
06 05     13.6   1.5861   0.5380   3.4139   4.3650
06 06     48.1   2.2393   0.4446   3.7607   3.1806
06 07      370   1.2633   0.1667   5.7367   1.1004
07 04     2.43   0.7434   0.5760   3.2566   6.9705
07 05     3.50   1.1880   0.7193   3.8120   5.3396
07 06     8.25   1.9782   0.7520   4.0218   4.7068
07 07     25.7   2.5407   0.6065   4.4593   3.6014
07 08      180   1.2445   0.2129   6.7555   1.4639
08 05     1.55   0.8956   0.8024   4.1044   6.0646
08 06     2.36   1.4841   0.9854   4.5159   5.6484
08 07     5.37   2.3900   1.0007   4.6100   5.3121
08 08     16.6   2.6511   0.7394   5.3489   3.9037
08 09      198   1.4118   0.2264   7.5882   1.4842
09 06     1.05   1.0921   1.1008   4.9079   6.3760
09 07     1.71   1.9189   1.3227   5.0811   6.4234
09 08     3.46   2.8623   1.3154   5.1377   6.3917
09 09     9.98   2.6981   0.9053   6.3019   4.5219
09 10     71.7   1.6050   0.3480   8.3950   2.1929
10 07    0.707   1.4341   1.5467   5.5659   7.4105
10 08     1.28   2.6461   1.7792   5.3539   7.9568
10 09     2.68   3.3339   1.5917   5.6661   7.2901
10 10     6.81   2.9689   1.1093   7.0311   5.2275
11 08    0.596   2.2390   2.1439   5.7610   9.0012
11 09     1.08   3.4672   2.2249   5.5328   9.5472
11 10     1.52   3.8302   2.1133   6.1698   9.2323
11 11     1563   0.9724   0.0775  10.0276   3.1335
11 12    44752   1.2456   0.0300  10.7544   0.9171
12 09    0.394   5.6137  12.4938   3.3863   3.1052
12 10    0.500   5.6031  14.0593   4.3969   3.3086
12 11      156   0.9392   0.1650  10.0608   4.4585
12 12      626   1.8411   0.1612  10.1589   4.2914
13 10    0.256   5.2425  17.9732   4.7575   4.3268
13 11     29.1   0.8776   0.2788  10.1224   6.4822
13 12     98.0   1.8115   0.2977  10.1885   6.3656
13 13      506   2.2720   0.1999  10.7280   4.1680
13 14    10001   1.0731   0.0467  12.9269   0.8097
14 11     10.4   0.8124   0.3756  10.1876   8.1941
14 12     31.0   1.7099   0.4226  10.2901   8.0785
14 13     88.9   2.5130   0.3818  10.4870   7.3754
14 14      302   3.0441   0.2883  10.9559   5.4003
14 15     1780   2.3942   0.1391  12.6058   1.9136
15 12     13.0   1.5952   0.5421  10.4048   9.7961
15 13     29.1   2.4057   0.5411  10.5943   9.2783
15 14     69.0   3.2034   0.4883  10.7966   8.5029
15 15      184   3.7659   0.3917  11.2341   6.6248
15 16      827   2.7137   0.1966  13.2863   2.3682
16 13     14.3   2.2363   0.6560  10.7637  10.3957
16 14     28.7   3.0688   0.6389  10.9312   9.9589
16 15     59.7   3.8663   0.5812  11.1337   9.1962
16 16      137   4.2490   0.4698  11.7510   6.8345
16 17      491   3.2556   0.2643  13.7444   2.9272
17 14     13.2   2.8626   0.7948  11.1374  11.3928
17 15     24.1   3.7126   0.7688  11.2874  11.0072
17 16     44.2   4.4520   0.7069  11.5480  10.0093
17 17     95.6   4.7701   0.5739  12.2299   7.5143
17 18      282   3.8819   0.3567  14.1181   3.7185
18 15     11.3   3.4811   0.9539  11.5189  12.5145
18 16     18.4   4.3437   0.9355  11.6563  12.1525
18 17     32.9   5.0272   0.8470  11.9728  10.8886
18 18     66.4   5.3082   0.6973  12.6918   8.3291
19 16     9.75   4.1301   1.1226  11.8699  13.4918
19 17     15.8   4.9586   1.0755  12.0414  12.9386
19 18     20.9   5.6049   1.0617  12.3951  12.6245
19 19     3929   1.0425   0.0604  17.9575   2.1047
19 20    95079   1.2818   0.0238  18.7182   0.9376
20 17     8.38   4.7686   1.2995  12.2314  14.6713
20 18     9.81   5.5731   1.3634  12.4269  15.4722
20 19      560   1.0947   0.1222  17.9053   2.8522
20 20     2230   2.0135   0.1133  17.9865   2.6956
21 18     6.99   5.4011   1.5001  12.5989  16.0354
21 19      176   1.1108   0.1844  17.8892   3.6480
21 20      524   2.1007   0.1909  17.8993   3.6223
21 21     1574   2.1380   0.1331  18.8620   2.8285
21 22  2478271   1.3176   0.0081  20.6824   0.6095
22 19     73.8   1.1104   0.2487  17.8896   4.5286
22 20      196   2.0991   0.2667  17.9009   4.5455
22 21      325   1.3342   0.1693  19.6658   3.2550
22 22     1204   2.1674   0.1474  19.8326   3.0018
22 23     6225   1.6749   0.0722  21.3251   1.6044
23 20     91.0   2.0650   0.3426  17.9350   5.5208
23 21      157   2.1159   0.2897  18.8841   4.8004
23 22      252   1.3766   0.1891  20.6234   3.5061
23 23      956   2.1574   0.1591  20.8426   3.1992
23 24     1066   2.2648   0.1593  21.7352   2.9567
24 21     57.2   1.1596   0.2822  19.8404   4.8662
24 22      105   1.2510   0.2413  20.7490   4.2268
24 23      231   1.3958   0.1974  21.6042   3.5966
24 24      713   1.5449   0.1428  22.4551   2.9006
24 25   596123   6.1068   0.0923  18.8932   0.0923
25 22     60.7   2.0618   0.3947  19.9382   6.2026
25 23      104   2.1260   0.3358  20.8740   5.4612
25 24      156   1.4016   0.2266  22.5984   4.1105
25 25      636   2.1068   0.1799  22.8932   3.6919
25 26     5540   1.5428   0.0704  24.4572   2.0460
26 23     53.5   2.0567   0.4126  20.9433   6.4557
26 24     91.2   2.1227   0.3515  21.8773   5.7084
26 25      131   1.4120   0.2420  23.5880   4.3516
26 26      548   2.1017   0.1890  23.8983   3.8829
26 27    11255   1.0708   0.0436  25.9292   1.5743
27 24     45.6   2.0583   0.4360  21.9417   6.8828
27 25     77.6   2.1252   0.3717  22.8748   6.1155
27 26      109   1.4182   0.2589  24.5818   4.6893
27 27      462   2.1002   0.2000  24.8998   4.2031
27 28    10595   1.0573   0.0440  26.9427   1.7139
28 25     39.0   2.0558   0.4599  22.9442   7.3136
28 26     66.0   2.1298   0.3936  23.8702   6.5128
28 27     91.3   1.4161   0.2747  25.5839   5.0289
28 28      392   2.0911   0.2107  25.9089   4.5035
28 29     9677   1.0691   0.0456  27.9309   1.8725
29 26     20.7   1.2155   0.4176  24.7845   7.0427
29 27     36.2   1.3167   0.3621  25.6833   6.2480
29 28     77.1   1.4121   0.2905  26.5879   5.3830
29 29      264   1.3732   0.1849  27.6268   4.2570
29 30     8640   1.0830   0.0477  28.9170   2.0435
30 27     27.3   2.0589   0.5207  24.9411   8.3794
30 28     46.0   2.1359   0.4461  25.8641   7.4985
30 29     63.1   1.4001   0.3090  27.5999   5.8486
30 30      276   2.0665   0.2351  27.9335   5.2282
31 28     78.2   2.1547   0.3738  25.8453   6.5895
31 29     78.1   2.1655   0.3747  26.8345   6.7899
31 30     78.2   2.1759   0.3755  27.8241   6.9893
31 31      445   2.2117   0.2083  28.7883   5.0488
31 32    12221   1.0455   0.0419  30.9545   1.5872
32 29     36.0   2.1293   0.4842  26.8707   8.1144
32 30     36.1   2.1412   0.4853  27.8588   8.3522
32 31      104   2.8517   0.4028  28.1483   7.7271
32 32      358   3.1821   0.2839  28.8179   6.2691
32 33     2168   2.5162   0.1335  30.4838   3.2905
33 30     18.5   2.0683   0.5963  27.9317   9.8868
33 31     41.4   2.9484   0.5644  28.0516   9.6185
33 32     97.3   3.6772   0.4851  28.3228   8.9762
33 33      255   4.1025   0.3755  28.8975   7.6268
33 34     1097   3.0698   0.1920  30.9302   4.0290
34 31     25.6   2.9035   0.6607  28.0965  10.5218
34 32     50.5   3.7748   0.6179  28.2252  10.2272
34 33      103   4.5119   0.5434  28.4881   9.6041
34 34      229   4.7390   0.4291  29.2610   7.9552
34 35      761   3.8174   0.2509  31.1826   4.6755
35 32     27.8   3.7342   0.7532  28.2658  11.5919
35 33     50.0   4.6024   0.7046  28.3976  11.2768
35 34     89.1   5.2297   0.6291  28.7703  10.4540
35 35      184   5.4355   0.5062  29.5645   8.7223
35 36      500   4.6462   0.3287  31.3538   5.5955
36 33     25.5   4.5637   0.8810  28.4363  13.1400
36 34     40.6   5.3779   0.8359  28.6221  12.7360
36 35     70.2   5.9646   0.7432  29.0354  11.7441
36 36      134   6.1687   0.6115  29.8313   9.9081
37 34     21.3   5.3766   1.0402  28.6234  14.8314
37 35     33.5   6.1503   0.9734  28.8497  14.2744
37 36     48.8   6.7147   0.9069  29.2853  13.7231
37 37     4696   1.1264   0.0600  35.8736   2.8253
37 38    96767   1.4422   0.0255  36.5578   1.5832
38 35     21.8   6.1768   1.1309  28.8232  15.6039
38 36     26.9   6.9250   1.1317  29.0750  16.0598
38 37      799   1.2955   0.1216  35.7045   3.7166
38 38     3236   2.2070   0.1064  35.7930   3.4652
39 36     22.9   6.9735   1.2021  29.0265  16.1586
39 37      349   1.4209   0.1730  35.5791   4.3442
39 38     1003   2.4378   0.1697  35.5622   4.3118
39 39     2620   2.5336   0.1259  36.4664   3.4096
39 40     4929   5.9432   0.1758  34.0568   8.0630
40 37      128   1.5166   0.2547  35.4834   5.7090
40 38      328   2.5599   0.2563  35.4401   5.7289
40 39      518   1.9888   0.1888  37.0112   4.1983
40 40     1559   2.7177   0.1576  37.2823   3.8417
40 41     7006   2.0647   0.0796  38.9353   2.2672
41 38      173   2.6297   0.3246  35.3703   6.7183
41 39      282   2.7549   0.2845  36.2451   5.8039
41 40      429   2.1721   0.2146  37.8279   4.3426
41 41     1295   2.7488   0.1698  38.2512   3.8729
41 42     6858   2.0369   0.0793  39.9631   2.3753
42 39      120   1.9409   0.3101  37.0591   5.7304
42 40      208   2.1151   0.2726  37.8849   4.9999
42 41      409   2.2650   0.2259  38.7350   4.2705
42 42     1027   2.2692   0.1646  39.7308   3.4490
42 43     5501   1.5401   0.0718  41.4599   2.1410
43 40      129   2.8759   0.3839  37.1241   6.9266
43 41      206   2.9345   0.3330  38.0655   6.0219
43 42      291   2.2906   0.2568  39.7094   4.6266
43 43      936   2.6186   0.1849  40.3814   3.9911
43 44    13071   1.1764   0.0443  42.8236   1.8937
44 41      114   2.9310   0.4075  38.0690   7.0151
44 42      181   2.9551   0.3514  39.0449   6.1165
44 43      239   2.2500   0.2732  40.7500   4.7893
44 44      806   2.5581   0.1920  41.4419   4.1119
44 45    12623   1.1754   0.0447  43.8246   2.0036
45 42      101   2.9549   0.4285  39.0451   7.1184
45 43      160   2.9473   0.3675  40.0527   6.2253
45 44      203   2.1761   0.2842  41.8239   4.9300
45 45      707   2.4923   0.1976  42.5077   4.2425
45 46    12235   1.1727   0.0450  44.8273   2.1263
46 43     90.6   2.9555   0.4474  40.0445   7.2385
46 44      140   2.9245   0.3835  41.0755   6.3838
46 45      176   2.0837   0.2913  42.9163   5.0641
46 46      630   2.4261   0.2021  43.5739   4.3849
46 47    11997   1.1687   0.0451  45.8313   2.2484
47 44     40.0   2.1969   0.5042  41.8031   7.6275
47 45     63.0   2.1575   0.4265  42.8425   6.7312
47 46      117   1.9831   0.3252  44.0169   5.7274
47 47      340   1.5185   0.1860  45.4815   4.4525
47 48     8803   1.1647   0.0498  46.8353   2.6115
48 45     56.8   2.9130   0.5228  42.0870   8.2050
48 46     87.8   2.8525   0.4447  43.1475   7.2783
48 47      110   1.8818   0.3218  45.1182   5.7814
48 48      406   2.3040   0.2264  45.6960   5.0928
49 46     50.6   2.8811   0.5416  43.1189   8.4313
49 47     78.2   2.8086   0.4591  44.1914   7.5018
49 48      141   2.6341   0.3589  45.3659   6.5003
49 49      635   2.5322   0.2049  46.4678   5.1040
49 50    10265   1.3762   0.0532  48.6238   2.3156
50 47     60.1   2.8455   0.5092  44.1545   7.8970
50 48     92.9   2.7634   0.4301  45.2366   7.0474
50 49      236   3.3279   0.3462  45.6721   6.4963
50 50      706   3.5717   0.2471  46.4283   5.5515
50 51     3425   2.9841   0.1285  48.0159   3.6558
51 48     48.2   2.8075   0.5451  45.1925   8.4501
51 49     97.8   3.6177   0.4951  45.3823   8.1549
51 50      210   4.2404   0.4187  45.7596   7.6157
51 51      500   4.5933   0.3269  46.4067   6.7251
51 52     1774   3.6222   0.1828  48.3778   4.4063
52 49     66.0   3.7365   0.5808  45.2635   8.8772
52 50      121   4.5368   0.5295  45.4632   8.5659
52 51      231   5.1856   0.4610  45.8144   8.0595
52 52      467   5.3421   0.3699  46.6579   7.0139
52 53     1339   4.4635   0.2310  48.5365   4.8958
53 50     71.7   4.6764   0.6479  45.3236   9.7369
53 51      122   5.4771   0.5955  45.5229   9.4109
53 52      203   6.0284   0.5313  45.9716   8.8176
53 53      385   6.1566   0.4332  46.8434   7.6910
53 54      931   5.3982   0.2960  48.6018   5.6683
54 51     68.4   5.6271   0.7381  45.3729  10.8991
54 52      103   6.3912   0.6946  45.6088  10.5605
54 53      168   6.8889   0.6173  46.1111   9.8341
54 54      299   7.0163   0.5139  46.9837   8.6324
55 52     49.4   6.6027   0.9103  45.3973  13.0689
55 53     73.9   7.3049   0.8461  45.6951  12.5703
55 54      129   7.7796   0.7290  46.2204  11.2860
55 55     6759   1.1823   0.0550  53.8177   3.0044
56 53     59.5   7.5451   0.9317  45.4549  13.1041
56 54     72.2   8.2142   0.9196  45.7858  13.3588
56 55     1320   1.4262   0.1101  53.5738   3.8270
56 56     5581   2.3419   0.0925  53.6581   3.4610
57 54     41.1   8.4784   1.1356  45.5216  15.7209
57 55      451   1.6307   0.1749  53.3693   4.8854
57 56     1210   2.6590   0.1695  53.3410   4.8546
57 57     3758   2.3323   0.1053  54.6677   3.9444
58 55      225   1.8028   0.2382  53.1972   5.8133
58 56      541   2.8583   0.2345  53.1417   5.8202
58 57     1115   2.6439   0.1736  54.3561   5.0165
58 58     3505   2.3176   0.1073  55.6824   4.0905
59 56      340   2.9964   0.2843  53.0036   6.4411
59 57      579   2.8412   0.2285  54.1588   5.7210
59 58     1192   2.6293   0.1692  55.3707   4.9409
59 59     3782   2.3081   0.1043  56.6919   4.0440
60 57      319   2.9792   0.2893  54.0208   6.6150
60 58      544   2.8255   0.2325  55.1745   5.8810
60 59     1121   2.6158   0.1721  56.3842   5.0879
60 60     3581   2.2987   0.1059  57.7013   4.1760
61 58      297   2.9636   0.2953  55.0364   6.8225
61 59      507   2.8112   0.2372  56.1888   6.0708
61 60     1047   2.6034   0.1755  57.3966   5.2604
61 61     3365   2.2895   0.1078  58.7105   4.3266
62 59      276   2.9494   0.3018  56.0506   7.0508
62 60      471   2.7982   0.2424  57.2018   6.2796
62 61      974   2.5922   0.1792  58.4078   5.4489
62 62     3157   2.2809   0.1098  59.7191   4.4894
63 60      256   2.9366   0.3083  57.0634   7.2862
63 61      438   2.7864   0.2475  58.2136   6.4946
63 62      908   2.5819   0.1829  59.4181   5.6425
63 63     2960   2.2731   0.1119  60.7269   4.6560
64 61      203   2.9250   0.3322  58.0750   7.9457
64 62      347   2.7757   0.2667  59.2243   7.0880
64 63      722   2.5726   0.1969  60.4274   6.1649
64 64     2352   2.2681   0.1206  61.7319   5.0937
65 62      224   2.9146   0.3209  59.0854   7.7711
65 63      383   2.7661   0.2576  60.2339   6.9372
65 64      796   2.5655   0.1902  61.4345   6.0401
65 65     2603   2.2631   0.1164  62.7369   4.9960
66 63      209   2.9050   0.3274  60.0950   8.0281
66 64      358   2.7578   0.2629  61.2422   7.1718
66 65      744   2.5587   0.1942  62.4413   6.2499
66 66     2442   2.2583   0.1187  63.7417   5.1742
67 64      196   2.8963   0.3341  61.1037   8.2908
67 65      335   2.7501   0.2682  62.2499   7.4108
67 66      697   2.5525   0.1981  63.4475   6.4636
67 67     2294   2.2537   0.1210  64.7463   5.3557
68 65      183   2.8883   0.3411  62.1117   8.5678
68 66      313   2.7431   0.2738  63.2569   7.6628
68 67      653   2.5466   0.2021  64.4534   6.6884
68 68     2158   2.2494   0.1233  65.7506   5.5462
69 66      171   2.8810   0.3483  63.1190   8.8544
69 67      293   2.7367   0.2795  64.2633   7.9236
69 68      611   2.5412   0.2062  65.4588   6.9209
69 69     2032   2.2452   0.1256  66.7548   5.7429
70 67      160   2.8744   0.3553  64.1256   9.1408
70 68      275   2.7308   0.2850  65.2692   8.1843
70 69      575   2.5361   0.2101  66.4639   7.1533
70 70     1916   2.2411   0.1279  67.7589   5.9392
71 68      225   2.8683   0.3168  65.1317   8.2494
71 69      385   2.7252   0.2541  66.2748   7.3895
71 70      809   2.5314   0.1872  67.4686   6.4626
71 71     2052   2.6183   0.1394  68.3817   5.3572
72 69      137   2.8626   0.3733  66.1374   9.8386
72 70      235   2.7201   0.2993  67.2799   8.8178
72 71      437   2.9036   0.2526  68.0964   7.7828
72 72     1043   2.9430   0.1894  69.0570   6.4978
73 70      148   2.8575   0.3630  67.1425   9.6826
73 71      236   3.0412   0.3226  67.9588   8.7104
73 72      429   3.1672   0.2702  68.8328   7.6505
73 73      997   3.0886   0.1993  69.9114   6.3195
74 71      135   3.1382   0.3998  67.8618   9.9119
74 72      212   3.2876   0.3533  68.7124   8.8983
74 73      378   3.3425   0.2932  69.6575   7.7702
74 74      871   3.1208   0.2108  70.8792   6.3236
75 72      123   3.3654   0.4330  68.6346  10.1002
75 73      191   3.4710   0.3804  69.5290   9.0443
75 74      337   3.4474   0.3124  70.5526   7.8513
75 75      775   3.0841   0.2183  71.9159   6.3040
76 73      113   3.5455   0.4632  69.4545  10.2563
76 74      173   3.6007   0.4043  70.3993   9.1599
76 75      301   3.4963   0.3285  71.5037   7.9094
76 76      682   3.0429   0.2266  72.9571   6.3668
77 74      103   3.6829   0.4906  70.3171  10.3881
77 75      158   3.6848   0.4255  71.3152   9.2546
77 76      268   3.5116   0.3440  72.4884   8.0179
77 77      609   2.9802   0.2329  74.0198   6.4271
78 75     95.1   3.7825   0.5156  71.2175  10.5016
78 76      142   3.7292   0.4460  72.2708   9.3909
78 77      241   3.4985   0.3570  73.5015   8.1126
78 78      551   2.9045   0.2375  75.0955   6.4921
79 76     86.4   3.8418   0.5400  72.1582  10.6541
79 77      129   3.7464   0.4641  73.2536   9.5103
79 78      218   3.4634   0.3680  74.5366   8.2017
79 79      503   2.8221   0.2408  76.1779   6.5665
80 77     46.0   3.8770   0.6730  73.1230  12.9187
80 78     68.4   3.7409   0.5749  74.2591  11.5187
80 79      116   3.4116   0.4518  75.5884   9.9265
80 80      270   2.7385   0.2913  77.2615   7.9658
81 78     48.3   3.8909   0.6668  74.1091  12.5061
81 79     71.5   3.7166   0.5662  75.2834  11.1445
81 80      121   3.3484   0.4411  76.6516   9.6063
81 81      504   2.8095   0.2371  78.1905   7.4084
82 79     52.2   3.8862   0.6518  75.1138  11.9877
82 80     77.2   3.6773   0.5502  76.3227  10.6821
82 81      186   3.9054   0.4169  77.0946   9.5800
82 82      529   3.9290   0.2900  78.0710   8.1732
83 80     62.0   3.8661   0.6162  76.1339  11.1533
83 81      120   4.4386   0.5285  76.5614  10.5273
83 82      249   4.8560   0.4333  77.1440   9.7056
83 83      570   5.0477   0.3333  77.9523   8.5892
84 81     72.8   4.7512   0.6581  76.2488  12.0190
84 82      129   5.3824   0.5806  76.6176  11.4434
84 83      239   5.8750   0.4957  77.1250  10.6885
84 84      466   5.8891   0.3950  78.1109   9.3980
85 82     78.8   5.7197   0.7170  76.2803  13.0006
85 83      130   6.3851   0.6448  76.6149  12.4497
85 84      211   6.8048   0.5684  77.1952  11.6465
85 85      388   6.8019   0.4616  78.1981  10.2817
86 83      100   6.7305   0.7317  76.2695  13.0923
86 84      148   7.3860   0.6784  76.6140  12.6175
86 85      235   7.7564   0.5977  77.2436  11.7594
86 86      405   7.7663   0.4967  78.2337  10.4583
